2
owl 14537.8 16573.2
hero 15448.2 16300
470
ground 1 12000 14000
grass 25 12100 14000
grass 26 12100 14400
ForestTree 17 12200 14700
grass 30 12300 14700
bush 10 12400 14700
mushroom 14 12400 14900
grass 30 12600 14000
mushroom 14 12700 14000
grass 24 12700 14600
mushroom 14 12900 14200
ground 1 13000 14000
grass 26 13100 14600
grass 27 13100 14800
grass 28 13200 14200
grass 26 13200 14800
grass 28 13300 14700
grass 22 13500 14300
bush 14 13700 14100
ForestTree 15 13800 14700
grass 29 13900 14300
grass 25 13900 14400
ground 1 14000 14000
grass 25 14000 14300
grass 24 14000 14800
grass 30 14300 14300
grass 30 14300 14400
grass 29 14400 14000
ForestTree 14 14700 14100
mushroom 13 14700 14900
grass 25 14900 14100
grass 26 14900 14600
ground 1 15000 14000
mushroom 16 15200 14500
grass 22 15300 14000
grass 28 15300 14700
mushroom 16 15500 14000
ForestTree 16 15500 14100
grass 26 15500 14300
grass 29 15500 14600
mushroom 16 15600 14900
grass 23 15700 14400
grass 27 15800 14400
mushroom 16 15900 14400
ground 1 16000 14000
grass 22 16400 14900
bush 11 16500 14100
grass 26 16500 14400
bush 15 16500 14500
mushroom 13 16500 14800
grass 24 16600 14400
mushroom 15 16600 14500
grass 28 16800 14000
lake 2 16800 14700
ground 1 17000 14000
grass 28 17100 14400
ForestTree 18 17200 14300
grass 26 17500 14700
ForestTree 16 17600 14300
ground 3 18000 14000
groundConnection 9 18000 14000
groundConnection 10 18000 14999
groundConnection 11 18000 14000
groundConnection 12 18999 14000
grass 6 18000 14100
mushroom 1 18200 14800
bush 1 18300 14100
stump 4 18400 14300
mushroom 2 18500 14900
grass 5 18600 14000
mushroom 2 18700 14700
grass 1 18900 14600
ground 1 12000 15000
grass 25 12000 15000
grass 24 12000 15200
grass 23 12200 15400
grass 22 12200 15500
grass 26 12300 15900
grass 23 12400 15600
bush 12 12400 15700
grass 28 12500 15200
grass 25 12500 15800
rock 14 12800 15700
mushroom 15 12900 15300
ground 1 13000 15000
grass 26 13000 15300
ForestTree 17 13100 15100
mushroom 16 13100 15700
grass 28 13200 15900
rock 17 13300 15500
ForestTree 18 13400 15300
ForestTree 14 13600 15700
grass 29 13700 15900
grass 30 13800 15900
grass 24 13900 15400
ground 1 14000 15000
grass 23 14100 15000
grass 28 14200 15900
ForestTree 15 14300 15100
grass 26 14500 15000
ForestTree 18 14500 15100
mushroom 13 14600 15400
grass 22 14800 15900
grass 27 14900 15500
ground 1 15000 15000
grass 25 15000 15100
mushroom 14 15100 15400
rock 14 15200 15300
bush 12 15400 15700
bush 13 15500 15500
ForestTree 17 15600 15300
ForestTree 17 15600 15700
ForestTree 15 15700 15100
grass 26 15700 15600
grass 26 15800 15200
grass 23 15800 15600
brazier 1 16300 15800
ground 1 16000 15000
lake 4 16100 15100
mushroom 16 16100 15900
grass 29 16300 15300
grass 22 16300 15900
mushroom 16 16400 15900
grass 22 16500 15400
mushroom 16 16600 15600
ForestTree 16 16700 15100
mushroom 15 16700 15300
ground 1 17000 15000
grass 22 17100 15000
grass 29 17400 15500
lake 1 17400 15700
grass 24 17500 15300
grass 30 17500 15600
mushroom 16 17600 15000
ForestTree 15 17600 15300
mushroom 16 17600 15800
grass 26 17800 15600
grass 27 17900 15200
ground 3 18000 15000
groundConnection 9 18000 15000
groundConnection 10 18000 15999
groundConnection 11 18000 15000
groundConnection 12 18999 15000
grass 8 18000 15600
grass 8 18100 15600
grass 8 18200 15000
grass 5 18500 15000
log 3 18500 15100
mushroom 1 18500 15600
mushroom 2 18600 15200
grass 7 18700 15900
rock 6 18800 15700
ground 1 12000 16000
grass 28 12100 16700
bush 11 12300 16100
grass 29 12300 16400
ForestTree 16 12400 16700
ForestTree 14 12500 16500
grass 24 12600 16000
ForestTree 16 12700 16500
ground 1 13000 16000
grass 24 13000 16500
ForestTree 15 13100 16100
root 5 13100 16500
mushroom 16 13100 16700
grass 29 13200 16400
mushroom 15 13200 16500
ForestTree 17 13200 16700
bush 9 13300 16100
grass 27 13400 16200
rock 15 13500 16100
grass 26 13600 16900
ForestTree 18 13700 16100
grass 30 13700 16800
grass 25 13800 16100
grass 24 13900 16000
mushroom 14 13900 16200
ground 1 14000 16000
rock 14 14200 16700
grass 25 14300 16400
ForestTree 14 14400 16300
root 5 14600 16300
ForestTree 14 14700 16500
grass 28 14800 16500
mushroom 13 14900 16000
ground 1 15000 16000
bush 12 15100 16500
grass 24 15100 16800
grass 30 15200 16600
bush 10 15300 16100
bush 15 15500 16100
mushroom 14 15600 16400
ground 1 16000 16000
mushroom 15 16000 16700
bush 10 16100 16100
bush 12 16300 16100
grass 30 16300 16800
grass 23 16400 16100
grass 28 16400 16200
ForestTree 18 16400 16300
grass 25 16500 16600
grass 27 16700 16400
mushroom 15 16800 16900
ground 1 17000 16000
grass 30 17000 16700
mushroom 16 17000 16900
mushroom 15 17100 16000
bush 11 17200 16300
mushroom 14 17200 16800
grass 25 17300 16600
ForestTree 18 17400 16700
mushroom 15 17800 16500
grass 30 17900 16200
grass 27 17900 16600
ground 3 18000 16000
groundConnection 9 18000 16000
groundConnection 10 18000 16999
groundConnection 11 18000 16000
groundConnection 12 18999 16000
grass 2 18000 16000
grass 3 18000 16100
ForestTree 1 18100 16100
ForestTree 7 18100 16500
grass 5 18300 16000
rock 7 18500 16500
grass 8 18500 16900
mushroom 1 18600 16100
grass 4 18600 16800
mushroom 2 18700 16700
ForestTree 7 18800 16700
ground 1 12000 17000
grass 27 12200 17600
mushroom 16 12300 17900
bush 9 12400 17700
rock 16 12600 17700
grass 22 12600 17800
mushroom 13 12800 17100
ForestTree 16 12800 17300
grass 22 12800 17500
grass 25 12900 17100
ground 1 13000 17000
rock 16 13100 17100
bush 13 13200 17300
mushroom 14 13200 17500
ForestTree 14 13200 17700
mushroom 14 13300 17900
bush 12 13400 17700
root 2 13800 17700
ground 1 14000 17000
root 4 14200 17700
ForestTree 16 14400 17300
ForestTree 18 14500 17100
ground 1 15000 17000
grass 27 15100 17400
grass 29 15100 17700
grass 28 15200 17200
bush 12 15300 17500
grass 28 15400 17200
root 3 15500 17500
grass 26 15600 17000
mushroom 14 15700 17300
grass 29 15700 17900
grass 27 15800 17400
lake 2 15800 17700
grass 27 15900 17800
ground 1 16000 17000
grass 25 16000 17400
grass 30 16100 17400
rock 15 16200 17700
grass 27 16300 17200
mushroom 14 16400 17900
grass 22 16500 17400
ForestTree 17 16500 17500
grass 26 16600 17600
grass 27 16700 17700
ForestTree 17 16800 17300
grass 25 16900 17900
ground 1 17000 17000
mushroom 14 17000 17500
grass 24 17200 17000
grass 25 17300 17000
grass 28 17300 17400
grass 25 17300 17900
grass 26 17400 17800
grass 28 17600 17500
ForestTree 17 17700 17100
mushroom 14 17700 17600
grass 25 17800 17400
ground 3 18000 17000
groundConnection 9 18000 17000
groundConnection 10 18000 17999
groundConnection 11 18000 17000
groundConnection 12 18999 17000
grass 1 18100 17700
bush 4 18200 17700
grass 3 18300 17000
mushroom 1 18400 17400
grass 5 18600 17200
mushroom 2 18700 17700
mushroom 3 18700 17900
mushroom 2 18800 17000
grass 4 18800 17800
ground 1 12000 18000
mushroom 15 12100 18200
grass 28 12100 18600
mushroom 16 12200 18200
grass 23 12400 18400
bush 13 12800 18300
mushroom 13 12900 18200
ground 1 13000 18000
grass 26 13000 18700
ForestTree 17 13300 18100
grass 22 13400 18100
grass 26 13400 18400
grass 28 13500 18400
grass 30 13500 18700
grass 25 13700 18000
grass 25 13700 18300
mushroom 16 13700 18400
bush 11 13800 18700
grass 22 13900 18000
mushroom 16 13900 18600
ground 1 14000 18000
mushroom 16 14000 18200
grass 25 14100 18000
mushroom 14 14100 18300
grass 26 14100 18800
grass 25 14300 18900
ForestTree 17 14600 18300
grass 27 14900 18200
ground 1 15000 18000
grass 23 15000 18000
grass 29 15000 18100
grass 22 15200 18100
mushroom 14 15200 18400
bush 13 15500 18100
grass 25 15600 18200
grass 29 15600 18600
grass 28 15700 18600
ground 1 16000 18000
grass 24 16000 18000
grass 22 16000 18400
bush 10 16200 18300
grass 26 16300 18600
mushroom 16 16400 18100
grass 22 16400 18900
mushroom 15 16500 18600
mushroom 15 16600 18100
rock 18 16800 18700
ground 1 17000 18000
ForestTree 18 17100 18500
grass 28 17200 18900
grass 23 17300 18200
grass 25 17700 18000
grass 28 17700 18200
bush 11 17700 18500
grass 22 17800 18200
lake 4 17800 18700
grass 26 17800 18800
mushroom 14 17900 18200
ground 3 18000 18000
groundConnection 9 18000 18000
groundConnection 10 18000 18999
groundConnection 11 18000 18000
groundConnection 12 18999 18000
grass 4 18100 18400
mushroom 2 18100 18700
grass 4 18400 18500
rock 2 18400 18700
grass 4 18500 18700
mushroom 2 18600 18100
mushroom 2 18600 18900
grass 1 18700 18600
rock 8 18800 18300
grass 7 18900 18900
ground 1 12000 19000
ForestTree 15 12100 19100
bush 10 12300 19500
grass 28 12600 19600
bush 10 12600 19700
grass 25 12900 19400
ground 2 13000 19000
groundConnection 5 13000 19000
groundConnection 6 13000 19999
groundConnection 7 13000 19000
groundConnection 8 13999 19000
grass 16 13000 19600
grass 15 13100 19400
grass 19 13300 19300
grass 14 13400 19800
ForestTree 9 13500 19100
grass 15 13500 19400
grass 20 13600 19000
mushroom 12 13900 19700
grass 13 13900 19900
ground 2 14000 19000
groundConnection 5 14000 19000
groundConnection 6 14000 19999
groundConnection 7 14000 19000
groundConnection 8 14999 19000
grass 18 14000 19700
mushroom 6 14100 19900
ForestTree 10 14200 19300
grass 21 14400 19400
grass 10 14400 19500
ForestTree 10 14500 19100
grass 12 14500 19300
grass 12 14600 19100
mushroom 7 14600 19800
grass 20 14700 19200
mushroom 11 14800 19500
ground 2 15000 19000
groundConnection 5 15000 19000
groundConnection 6 15000 19999
groundConnection 7 15000 19000
groundConnection 8 15999 19000
mushroom 5 15000 19000
grass 20 15000 19500
grass 16 15100 19000
ForestTree 8 15300 19100
mushroom 12 15400 19600
ForestTree 13 15500 19500
grass 9 15500 19900
mushroom 12 15700 19000
grass 15 15700 19700
mushroom 11 15800 19000
mushroom 8 15800 19400
grass 12 15900 19000
ground 2 16000 19000
groundConnection 5 16000 19000
groundConnection 6 16000 19999
groundConnection 7 16000 19000
groundConnection 8 16999 19000
grass 10 16000 19800
grass 11 16100 19700
grass 15 16100 19800
ForestTree 12 16300 19100
grass 19 16600 19200
grass 21 16800 19200
grass 12 16900 19300
ground 2 17000 19000
groundConnection 5 17000 19000
groundConnection 6 17000 19999
groundConnection 7 17000 19000
groundConnection 8 17999 19000
mushroom 5 17000 19300
mushroom 9 17000 19600
mushroom 5 17100 19000
mushroom 7 17200 19100
ForestTree 10 17300 19500
ForestTree 12 17400 19300
grass 12 17500 19200
grass 20 17600 19000
ForestTree 12 17800 19700
ground 2 18000 19000
groundConnection 5 18000 19000
groundConnection 6 18000 19999
groundConnection 7 18000 19000
groundConnection 8 18999 19000
mushroom 10 18200 19600
grass 9 18400 19100
grass 19 18500 19300
mushroom 10 18600 19200
mushroom 4 18700 19400
ForestTree 8 18700 19500
mushroom 12 18700 19800
ForestTree 9 18800 19700
mushroom 8 18800 19800
grass 12 18900 19500
mushroom 9 18900 19800
